4 104
0 0.25 4 1 0 0 0
0 0 0 1 0 0 0
-2 1 0 1 0 0 0
0.5 0.625 0 1 0 0 0
0.7 0 0 1 0 0 0
-0.5 0.625 0 1 0 0 0
-0.7 0 0 1 0 0 0
0.375 -0.75 0 1 0 0 0
0 -0.7 0 1 0 0 0
0 -0.7 0 1 0 0 0
-0.375 -0.75 0 1 0 0 0
0 -0.7 0 1 0 0 0
0 -0.7 0 1 0 0 0
0 0.75 0 1 0 0 0
2 1 0 1 0 0 0
0.5 0.625 0 1 0 0 0
0.7 0 0 1 0 0 0
-0.5 0.625 0 1 0 0 0
-0.7 0 0 1 0 0 0
0.375 -0.75 0 1 0 0 0
0 -0.7 0 1 0 0 0
0 -0.7 0 1 0 0 0
-0.375 -0.75 0 1 0 0 0
0 -0.7 0 1 0 0 0
0 -0.7 0 1 0 0 0
0 0.75 0 1 0 0 0
6.92738e-310 7.16395e-322 5.27447e-317 6.92738e-310 3.33153e-312 3.31562e-316 9.7591e-292
2.07634e-302 2.5464e-313 0 3.39519e-313 7.90505e-323 0 0
0 0 4.94066e-324 1.21626e+276 7.11455e-322 5.21733e-321 6.92738e-310
6.92738e-310 3.16202e-322 4.68091e-317 4.68091e-317 4.68092e-317 4.68092e-317 4.68092e-317
4.68092e-317 4.68093e-317 4.68093e-317 4.68094e-317 4.68094e-317 4.68095e-317 4.68095e-317
4.68096e-317 4.68096e-317 4.68096e-317 4.68096e-317 4.68097e-317 4.68097e-317 4.28259e-317
4.28259e-317 4.68099e-317 4.68099e-317 4.681e-317 4.681e-317 4.681e-317 4.681e-317
4.68101e-317 4.68101e-317 4.68102e-317 4.68102e-317 4.68103e-317 4.68103e-317 4.68103e-317
4.68103e-317 4.38922e-317 4.38922e-317 4.68105e-317 4.68105e-317 4.68106e-317 4.68106e-317
4.68107e-317 4.68107e-317 4.68107e-317 4.68107e-317 4.68108e-317 4.68108e-317 4.68109e-317
4.68109e-317 4.6811e-317 4.6811e-317 4.68111e-317 4.68111e-317 4.68111e-317 4.68111e-317
4.68112e-317 4.68112e-317 4.68113e-317 4.68113e-317 5.73609e-317 5.73609e-317 4.68115e-317
4.68115e-317 4.3968e-317 4.3968e-317 4.68116e-317 4.68116e-317 4.49091e-317 4.49091e-317
4.68118e-317 4.68118e-317 4.68007e-317 4.68007e-317 4.33989e-317 4.33989e-317 4.6812e-317
4.6812e-317 4.68121e-317 4.68121e-317 4.68122e-317 4.68122e-317 4.68122e-317 4.68122e-317
4.68123e-317 4.68123e-317 5.73591e-317 5.73591e-317 4.68125e-317 4.68125e-317 4.68126e-317
4.68126e-317 4.68126e-317 4.68126e-317 4.68127e-317 4.68127e-317 4.68128e-317 4.68128e-317
4.68129e-317 4.68129e-317 4.6813e-317 4.6813e-317 4.6813e-317 4.6813e-317 4.68131e-317
4.68131e-317 4.29549e-317 4.29549e-317 4.68133e-317 4.68133e-317 4.68134e-317 4.68134e-317
4.68134e-317 4.68134e-317 4.68135e-317 4.68135e-317 4.68136e-317 4.68136e-317 4.68137e-317
4.68137e-317 4.68137e-317 4.68137e-317 4.37859e-317 4.37859e-317 4.68139e-317 4.68139e-317
4.6814e-317 4.6814e-317 4.68141e-317 4.68141e-317 9.67628e-320 5.62368e-317 6.92738e-310
5.62368e-317 5.62368e-317 4.68208e-317 0 6.92738e-310 4.69777e-317 4.68211e-317
4.94066e-324 3.2703e-317 4.63527e-317 7.00259e-313 -nan 0 1.63042e-322
4.67968e-317 0 0 0 8.69556e-322 4.74303e-322 4.51925e-317
4.67852e-317 0 4.67874e-317 0 0 1.44034e+214 4.92969e+204
5.17224e+160 5.04519e+223 1.34386e-321 5.53354e-322 4.68371e-317 4.63517e-317 0
4.68372e-317 4.63885e-317 0 0 0 6.92738e-310 0
0 0 0 1.665e-321 4.68052e-317 6.92738e-310 0
0 4.29929e-317 0 5.53354e-322 0 3.54798e-311 5.53354e-322
2.122e-314 3.54798e-311 5.53354e-322 4.24399e-314 3.54798e-311 5.53354e-322 6.36599e-314
3.54798e-311 7.90505e-322 8.69556e-322 2.91627e-317 4.4799e-317 0 4.68061e-317
4.6823e-317 0 6.92738e-310 4.68064e-317 4.68233e-317 4.94066e-324 6.92738e-310
4.64277e-317 7.00259e-313 -nan 0 1.97626e-323 4.68225e-317 0
0 0 3.55727e-321 5.53354e-322 4.68238e-317 4.63517e-317 0
4.68239e-317 4.6807e-317 0 4.68171e-317 0 0 0
0 0 0 5.61753e-321 4.69332e-317 4.68009e-317 0
0 4.68188e-317 2.42092e-322 4.41805e-317 4.68244e-317 4.68183e-317 4.39797e-317
4.74303e-322 2.37152e-322 4.68246e-317 4.68078e-317 4.39797e-317 4.24399e-314 7.11455e-322
3.95253e-322 4.44195e-317 4.72067e-317 0 0 4.45827e-317 0
5.03947e-322 0 3.54798e-311 1.63042e-322 4.47005e-317 4.67792e-317 1.26481e-321
5.53354e-322 4.68018e-317 4.63517e-317 0 4.68019e-317 4.69783e-317 0
4.68144e-317 0 0 0 0 0 0
3.79936e-321 4.3008e-317 4.68023e-317 5.0517e+06 0 1.39327e-321 2.42092e-322
4.4078e-317 4.38048e-317 4.68201e-317 4.39911e-317 4.74303e-322 2.37152e-322 4.68026e-317
4.30081e-317 4.39911e-317 4.24399e-314 4.68198e-317 3.08791e-321 4.30383e-317 4.68182e-317
0 4.68142e-317 4.68029e-317 0 6.92738e-310 4.68145e-317 4.68032e-317
4.94066e-324 4.63536e-317 4.6429e-317 7.00259e-313 -nan 0 2.71736e-322
4.68265e-317 0 0 0 8.69556e-322 2.37152e-322 4.68182e-317
1.17232e+166 5.0517e+06 2.122e-314 2.37152e-322 1.9812e-321 6.92738e-310 4.701e-317
0 0 4.69042e-317 0 3.16202e-322 7.90505e-322 2.91627e-317
4.68169e-317 0 0 4.64275e-317 0 5.58294e-322 0
3.54798e-311 5.58294e-322 2.122e-314 3.54798e-311 5.58294e-322 4.24399e-314 3.54798e-311
5.58294e-322 6.36599e-314 3.54798e-311 1.10671e-321 8.69556e-322 2.91627e-317 4.4799e-317
0 4.68169e-317 4.68249e-317 0 6.92738e-310 4.68171e-317 4.68252e-317
4.94066e-324 6.92738e-310 4.39569e-317 7.00259e-313 -nan 0 1.4822e-323
4.68083e-317 0 0 0 9.72321e-321 5.53354e-322 4.68543e-317
4.63517e-317 0 4.68543e-317 4.68177e-317 0 4.68233e-317 0
0 0 0 0 0 1.02815e-320 4.39604e-317
4.68548e-317 0 0 2.37152e-322 2.37152e-322 4.68553e-317 4.68188e-317
4.30121e-317 4.24399e-314 4.68241e-317 9.8072e-321 4.39682e-317 4.3953e-317 0
0 4.68564e-317 0 6.92738e-310 4.68233e-317 4.68567e-317 4.94066e-324
6.92738e-310 4.64264e-317 7.00259e-313 -nan 0 1.97626e-323 4.68558e-317
0 0 0 8.69556e-322 1.58101e-322 4.29892e-317 4.67808e-317
0 8.77955e-321 6.92738e-310 6.92738e-310 4.68259e-317 4.68259e-317 6.3893e-317
0 3.16202e-322 6.79834e-321 2.91627e-317 4.68208e-317 0 0
4.64287e-317 0 3.07689e-312 0 3.54798e-311 3.07689e-312 4.94066e-324
3.54798e-311 3.07689e-312 9.88131e-324 3.54798e-311 3.07689e-312 1.4822e-323 3.54798e-311
3.07689e-312 1.97626e-323 3.54798e-311 3.07689e-312 2.47033e-323 3.54798e-311 3.07689e-312
2.96439e-323 3.54798e-311 3.07689e-312 3.45846e-323 3.54798e-311 3.07689e-312 3.95253e-323
3.54798e-311 3.07689e-312 4.44659e-323 3.54798e-311 3.07689e-312 4.94066e-323 3.54798e-311
3.07689e-312 5.43472e-323 3.54798e-311 3.07689e-312 5.92879e-323 3.54798e-311 3.07689e-312
6.42285e-323 3.54798e-311 3.07689e-312 6.91692e-323 3.54798e-311 3.07689e-312 7.41098e-323
3.54798e-311 3.07689e-312 7.90505e-323 3.54798e-311 3.07689e-312 8.39912e-323 3.54798e-311
3.07689e-312 8.89318e-323 3.54798e-311 3.07689e-312 9.38725e-323 3.54798e-311 3.07689e-312
9.88131e-323 3.54798e-311 3.07689e-312 1.03754e-322 3.54798e-311 3.07689e-312 1.08694e-322
3.54798e-311 3.07689e-312 1.13635e-322 3.54798e-311 3.07689e-312 1.18576e-322 3.54798e-311
3.07689e-312 1.23516e-322 3.54798e-311 3.07689e-312 1.28457e-322 3.54798e-311 3.07689e-312
0 0.25 4 1 0 0 0
0 0 0 1 0 0 0
-1.07985 1.13532 0 1 0 0 0
0.5 0.625 0 1 0 0 0
0.7 0 0 1 0 0 0
-0.5 0.625 0 1 0 0 0
-0.7 0 0 1 0 0 0
0.375 -0.75 0 1 0 0 0
0 -0.7 0 1 0 0 0
0 -0.7 0 1 0 0 0
-0.375 -0.75 0 1 0 0 0
0 -0.7 0 1 0 0 0
0 -0.7 0 1 0 0 0
0 0.75 0 1 0 0 0
2 1 0 1 0 0 0
0.5 0.625 0 1 0 0 0
0.7 0 0 1 0 0 0
-0.5 0.625 0 1 0 0 0
-0.7 0 0 1 0 0 0
0.375 -0.75 0 1 0 0 0
0 -0.7 0 1 0 0 0
0 -0.7 0 1 0 0 0
-0.375 -0.75 0 1 0 0 0
0 -0.7 0 1 0 0 0
0 -0.7 0 1 0 0 0
0 0.75 0 1 0 0 0
0 0.25 4 1 0 0 0
0 0 0 1 0 0 0
-1.07985 1.13532 0 1 0 0 0
0.5 0.625 0 1 0 0 0
0.7 0 0 1 0 0 0
-0.5 0.625 0 1 0 0 0
-0.7 0 0 1 0 0 0
0.375 -0.75 0 1 0 0 0
0 -0.7 0 1 0 0 0
0 -0.7 0 1 0 0 0
-0.375 -0.75 0 1 0 0 0
0 -0.7 0 1 0 0 0
0 -0.7 0 1 0 0 0
0 0.75 0 1 0 0 0
2 1 0 1 0 0 0
0.5 0.625 0 1 0 0 0
0.7 0 0 1 0 0 0
-0.5 0.625 0 1 0 0 0
-0.7 0 0 1 0 0 0
0.375 -0.75 0 1 0 0 0
0 -0.7 0 1 0 0 0
0 -0.7 0 1 0 0 0
-0.375 -0.75 0 1 0 0 0
0 -0.7 0 1 0 0 0
0 -0.7 0 1 0 0 0
0 0.75 0 1 0 0 0
0 2.85076e-321 6.92746e-310 0 0 0 0
0 0 0 0 0 0 0
0 6.92738e-310 2.47033e-323 0.75 -4 5.5284e-317 -nan
0 5.52841e-317 0 1.5 -4 1 0
0 6.92738e-310 0 0 0 0 0
0 0 0 0 0 0 0
0 0 6.92738e-310 6.00624e-317 0 0 2.47033e-323
1.4854e-313 2.61322e-200 -nan 0 0 2.47033e-323 1.4854e-313
2.61338e-200 -nan 0 7.16395e-322 6.92738e-310 5.65944e-317 1.13527e-311
-nan 0 0 0 0 4.94066e-324 0
0 0 6.92738e-310 1.63042e-322 6.92738e-310 4.35622e-317 1.58101e-322
5.53354e-322 2.91627e-317 4.76589e-317 0 5.5287e-317 5.52348e-317 0
0 4.98013e-317 0 0 0 0 0
4.79244e-322 2.91627e-317 3.2529e-317 0 5.19933e-317 5.19774e-317 0
1.4854e-313 0 5.19935e-317 4.94066e-324 6.92738e-310 5.58294e-322 2.91627e-317
4.76589e-317 0 5.5288e-317 5.52859e-317 0 6.32698e-317 0
0 0 0 0 0 4.79244e-322 4.89422e-317
5.52895e-317 0 5.52896e-317 4.89423e-317 0 1.39327e-321 1.39327e-321
2.54639e-313 2.122e-314 4.74303e-322 5.53354e-322 2.91627e-317 4.76589e-317 0
5.5289e-317 5.5287e-317 0 6.32663e-317 0 0 0
0 0 0 4.79244e-322 5.86101e-317 5.85962e-317 0
5.85963e-317 5.35758e-317 0 3.45846e-323 1.4854e-313 0 3.18299e-313
4.74303e-322 5.53354e-322 2.91627e-317 4.76589e-317 0 5.52901e-317 5.5288e-317
0 0 4.99873e-317 0 0 0 0
0 4.79244e-322 5.52874e-317 5.36471e-317 0 5.36471e-317 5.52875e-317
0 3.0138e-322 3.0138e-322 2.75859e-313 2.122e-314 4.74303e-322 5.53354e-322
2.91627e-317 4.76589e-317 0 5.52916e-317 5.5289e-317 0 6.32611e-317
0 0 0 0 0 0 7.16395e-322
2.91627e-317 5.22092e-317 0 5.736e-317 5.67443e-317 0 6.92738e-310
0 0 4.44659e-323 6.92738e-310 2.81617e-322 5.73602e-317 5.74035e-317
0 0 0 2.42092e-322 4.72433e-317 4.72433e-317 5.70647e-317
1.97626e-323 0 5.58294e-322 2.91627e-317 4.76589e-317 0 5.52931e-317
5.52901e-317 0 6.32594e-317 0 0 0 0
0 0 9.53547e-322 2.91627e-317 5.22092e-317 0 5.73583e-317
5.736e-317 0 6.92738e-310 0 0 1.97626e-323 6.92738e-310
0 0 0 0 0 0 0
0 0 5.52929e-317 0 5.52929e-317 5.58294e-322 2.91627e-317
4.76589e-317 0 5.52941e-317 5.52916e-317 0 6.32559e-317 0
0 0 0 0 0 4.79244e-322 4.83088e-317
4.87188e-317 0 4.6793e-317 0 0 4.78416e+180 1.17232e+166
5.0517e+06 0 4.74303e-322 5.53354e-322 2.91627e-317 4.76589e-317 0
5.52956e-317 5.52931e-317 0 6.32542e-317 0 0 0
0 0 0 9.53547e-322 2.91627e-317 5.22092e-317 0
5.69059e-317 5.69094e-317 0 6.92738e-310 0 0 1.97626e-323
6.92738e-310 1.4822e-323 0 0 0 0 0
0 0 0 5.52955e-317 0 5.52954e-317 5.58294e-322
2.91627e-317 4.76589e-317 0 5.52966e-317 5.52941e-317 0 0
4.98569e-317 0 0 0 0 0 4.79244e-322
5.86179e-317 5.84174e-317 0 5.37051e-317 6.2545e-317 0 6.42285e-323
4.24399e-314 1.4822e-323 3.95253e-323 4.74303e-322 5.53354e-322 2.91627e-317 4.76589e-317
0 5.52981e-317 5.52956e-317 0 6.32489e-317 0 0
0 0 0 0 9.53547e-322 2.91627e-317 5.22092e-317
0 0.25 4 1 0 0 0
0 0 0 1 0 0 0
-0.313055 1.73071 0 1 0 0 0
0.5 0.625 0 1 0 0 0
0.7 0 0 1 0 0 0
-0.5 0.625 0 1 0 0 0
-0.7 0 0 1 0 0 0
0.375 -0.75 0 1 0 0 0
0 -0.7 0 1 0 0 0
0 -0.7 0 1 0 0 0
-0.375 -0.75 0 1 0 0 0
0 -0.7 0 1 0 0 0
0 -0.7 0 1 0 0 0
0 0.75 0 1 0 0 0
2 1 0 1 0 0 0
0.5 0.625 0 1 0 0 0
0.7 0 0 1 0 0 0
-0.5 0.625 0 1 0 0 0
-0.7 0 0 1 0 0 0
0.375 -0.75 0 1 0 0 0
0 -0.7 0 1 0 0 0
0 -0.7 0 1 0 0 0
-0.375 -0.75 0 1 0 0 0
0 -0.7 0 1 0 0 0
0 -0.7 0 1 0 0 0
0 0.75 0 1 0 0 0
0 0.25 4 1 0 0 0
0 0 0 1 0 0 0
-0.313055 1.73071 0 1 0 0 0
0.5 0.625 0 1 0 0 0
0.7 0 0 1 0 0 0
-0.5 0.625 0 1 0 0 0
-0.7 0 0 1 0 0 0
0.375 -0.75 0 1 0 0 0
0 -0.7 0 1 0 0 0
0 -0.7 0 1 0 0 0
-0.375 -0.75 0 1 0 0 0
0 -0.7 0 1 0 0 0
0 -0.7 0 1 0 0 0
0 0.75 0 1 0 0 0
2 1 0 1 0 0 0
0.5 0.625 0 1 0 0 0
0.7 0 0 1 0 0 0
-0.5 0.625 0 1 0 0 0
-0.7 0 0 1 0 0 0
0.375 -0.75 0 1 0 0 0
0 -0.7 0 1 0 0 0
0 -0.7 0 1 0 0 0
-0.375 -0.75 0 1 0 0 0
0 -0.7 0 1 0 0 0
0 -0.7 0 1 0 0 0
0 0.75 0 1 0 0 0
0 0.25 4 1 0 0 0
0 0 0 1 0 0 0
-0.313055 1.73071 0 1 0 0 0
0.5 0.625 0 1 0 0 0
0.7 0 0 1 0 0 0
-0.5 0.625 0 1 0 0 0
-0.7 0 0 1 0 0 0
0.375 -0.75 0 1 0 0 0
0 -0.7 0 1 0 0 0
0 -0.7 0 1 0 0 0
-0.375 -0.75 0 1 0 0 0
0 -0.7 0 1 0 0 0
0 -0.7 0 1 0 0 0
0 0.75 0 1 0 0 0
2 1 0 1 0 0 0
0.5 0.625 0 1 0 0 0
0.7 0 0 1 0 0 0
-0.5 0.625 0 1 0 0 0
-0.7 0 0 1 0 0 0
0.375 -0.75 0 1 0 0 0
0 -0.7 0 1 0 0 0
0 -0.7 0 1 0 0 0
-0.375 -0.75 0 1 0 0 0
0 -0.7 0 1 0 0 0
0 -0.7 0 1 0 0 0
0 0.75 0 1 0 0 0
0 1.61312e-320 6.92738e-310 6.92738e-310 4.70562e-317 4.70562e-317 5.92547e-317
0 0 1.5815e-320 4.72626e-317 6.92738e-310 0 0
4.70548e-317 0 4.70533e-317 4.70481e-317 3.21143e-322 0 1.061e-313
1.4854e-313 0 -nan 0 0 1.6976e-313 1.4854e-313
9.9946e-312 -nan 0 0 1.23076e-312 1.4854e-313 0
-nan 0 0 0 0 0 -nan
0 0 0 0 4.94066e-324 0 0
0 5.92585e-317 0 0 1.40759e-320 4.72626e-317 6.92738e-310
0 0 4.70566e-317 0 0 0 4.94066e-324
0 1.33686e-312 1.4854e-313 0 -nan 0 0
1.14588e-312 1.4854e-313 0 -nan 0 0 0
0 0 -nan 0 0 0 0
0 -nan 0 0 0 0 4.94066e-324
0 0 0 5.92585e-317 0 0 1.23368e-320
4.72626e-317 6.92738e-310 0 0 4.70583e-317 0 0
0 4.94066e-324 0 1.1671e-312 1.4854e-313 0 -nan
0 0 1.97626e-323 1.4854e-313 0 -nan 5.26354e-315
0 0 0 0 -nan 0 0
0 0 0 -nan 0 0 0
0 4.94066e-324 0 0 0 5.92608e-317 0
0 1.05977e-320 4.72626e-317 6.92738e-310 0 0 4.706e-317
0 0 0 4.94066e-324 0 1.35808e-312 1.4854e-313
0 -nan 0 0 1.97626e-323 1.4854e-313 0
-nan 5.26354e-315 0 0 0 0 -nan
0 0 0 0 0 -nan 0
0 0 0 4.94066e-324 0 0 0
0 0.25 4 1 0 0 0
0 0 0 1 0 0 0
-0.0334006 0.720346 0 1 0 0 0
0.5 0.625 0 1 0 0 0
0.7 0 0 1 0 0 0
-0.5 0.625 0 1 0 0 0
-0.7 0 0 1 0 0 0
0.375 -0.75 0 1 0 0 0
0 -0.7 0 1 0 0 0
0 -0.7 0 1 0 0 0
-0.375 -0.75 0 1 0 0 0
0 -0.7 0 1 0 0 0
0 -0.7 0 1 0 0 0
0 0.75 0 1 0 0 0
2 1 0 1 0 0 0
0.5 0.625 0 1 0 0 0
0.7 0 0 1 0 0 0
-0.5 0.625 0 1 0 0 0
-0.7 0 0 1 0 0 0
0.375 -0.75 0 1 0 0 0
0 -0.7 0 1 0 0 0
0 -0.7 0 1 0 0 0
-0.375 -0.75 0 1 0 0 0
0 -0.7 0 1 0 0 0
0 -0.7 0 1 0 0 0
0 0.75 0 1 0 0 0
0 0.25 4 1 0 0 0
0 0 0 1 0 0 0
-0.0334006 0.720346 0 1 0 0 0
0.5 0.625 0 1 0 0 0
0.7 0 0 1 0 0 0
-0.5 0.625 0 1 0 0 0
-0.7 0 0 1 0 0 0
0.375 -0.75 0 1 0 0 0
0 -0.7 0 1 0 0 0
0 -0.7 0 1 0 0 0
-0.375 -0.75 0 1 0 0 0
0 -0.7 0 1 0 0 0
0 -0.7 0 1 0 0 0
0 0.75 0 1 0 0 0
2 1 0 1 0 0 0
0.5 0.625 0 1 0 0 0
0.7 0 0 1 0 0 0
-0.5 0.625 0 1 0 0 0
-0.7 0 0 1 0 0 0
0.375 -0.75 0 1 0 0 0
0 -0.7 0 1 0 0 0
0 -0.7 0 1 0 0 0
-0.375 -0.75 0 1 0 0 0
0 -0.7 0 1 0 0 0
0 -0.7 0 1 0 0 0
0 0.75 0 1 0 0 0
0 0.25 4 1 0 0 0
0 0 0 1 0 0 0
-0.0334006 0.720346 0 1 0 0 0
0.5 0.625 0 1 0 0 0
0.7 0 0 1 0 0 0
-0.5 0.625 0 1 0 0 0
-0.7 0 0 1 0 0 0
0.375 -0.75 0 1 0 0 0
0 -0.7 0 1 0 0 0
0 -0.7 0 1 0 0 0
-0.375 -0.75 0 1 0 0 0
0 -0.7 0 1 0 0 0
0 -0.7 0 1 0 0 0
0 0.75 0 1 0 0 0
2 1 0 1 0 0 0
0.5 0.625 0 1 0 0 0
0.7 0 0 1 0 0 0
-0.5 0.625 0 1 0 0 0
-0.7 0 0 1 0 0 0
0.375 -0.75 0 1 0 0 0
0 -0.7 0 1 0 0 0
0 -0.7 0 1 0 0 0
-0.375 -0.75 0 1 0 0 0
0 -0.7 0 1 0 0 0
0 -0.7 0 1 0 0 0
0 0.75 0 1 0 0 0
0 0.25 4 1 0 0 0
0 0 0 1 0 0 0
-0.0334006 0.720346 0 1 0 0 0
0.5 0.625 0 1 0 0 0
0.7 0 0 1 0 0 0
-0.5 0.625 0 1 0 0 0
-0.7 0 0 1 0 0 0
0.375 -0.75 0 1 0 0 0
0 -0.7 0 1 0 0 0
0 -0.7 0 1 0 0 0
-0.375 -0.75 0 1 0 0 0
0 -0.7 0 1 0 0 0
0 -0.7 0 1 0 0 0
0 0.75 0 1 0 0 0
2 1 0 1 0 0 0
0.5 0.625 0 1 0 0 0
0.7 0 0 1 0 0 0
-0.5 0.625 0 1 0 0 0
-0.7 0 0 1 0 0 0
0.375 -0.75 0 1 0 0 0
0 -0.7 0 1 0 0 0
0 -0.7 0 1 0 0 0
-0.375 -0.75 0 1 0 0 0
0 -0.7 0 1 0 0 0
0 -0.7 0 1 0 0 0
0 0.75 0 1 0 0 0
