10 28
0 0.25 4 1 0 0 0
0 0 0 1 0 0 0
-2 1 0 1 0 0 0
0.5 0.625 0 1 0 0 0
0.7 0 0 1 0 0 0
-0.5 0.625 0 1 0 0 0
-0.7 0 0 1 0 0 0
0.375 -0.75 0 1 0 0 0
0 -0.7 0 1 0 0 0
0 -0.7 0 1 0 0 0
-0.375 -0.75 0 1 0 0 0
0 -0.7 0 1 0 0 0
0 -0.7 0 1 0 0 0
0 0.75 0 1 0 0 0
2 1 0 1 0 0 0
0.5 0.625 0 1 0 0 0
0.7 0 0 1 0 0 0
-0.5 0.625 0 1 0 0 0
-0.7 0 0 1 0 0 0
0.375 -0.75 0 1 0 0 0
0 -0.7 0 1 0 0 0
0 -0.7 0 1 0 0 0
-0.375 -0.75 0 1 0 0 0
0 -0.7 0 1 0 0 0
0 -0.7 0 1 0 0 0
0 0.75 0 1 0 0 0
2 3 14 1 0 0 0
-2 -3 -5 1 0 0 0
0 0.25 4 1 0 0 0
0 0 0 1 0 0 0
-2 1 0 1 0 0 0
0.5 0.625 0 1 0 0 0
0.7 0 0 1 0 0 0
-0.5 0.625 0 1 0 0 0
-0.7 0 0 1 0 0 0
0.375 -0.75 0 1 0 0 0
0 -0.7 0 1 0 0 0
0 -0.7 0 1 0 0 0
-0.375 -0.75 0 1 0 0 0
0 -0.7 0 1 0 0 0
0 -0.7 0 1 0 0 0
0 0.75 0 1 0 0 0
2 1 0 1 0 0 0
0.5 0.625 0 1 0 0 0
0.7 0 0 1 0 0 0
-0.5 0.625 0 1 0 0 0
-0.7 0 0 1 0 0 0
0.375 -0.75 0 1 0 0 0
0 -0.7 0 1 0 0 0
0 -0.7 0 1 0 0 0
-0.375 -0.75 0 1 0 0 0
0 -0.7 0 1 0 0 0
0 -0.7 0 1 0 0 0
0 0.75 0 1 0 0 0
2 3 14 1 0 0 0
-2 -3 -5 1 0 0 0
0 0.25 4 1 0 0 0
0 0 0 1 0 0 0
-2 1 0 0.791986 0.029621 -0.594587 -0.135453
0.5 0.625 0 1 0 0 0
0.7 0 0 1 0 0 0
-0.5 0.625 0 1 0 0 0
-0.7 0 0 1 0 0 0
0.375 -0.75 0 1 0 0 0
0 -0.7 0 1 0 0 0
0 -0.7 0 1 0 0 0
-0.375 -0.75 0 1 0 0 0
0 -0.7 0 1 0 0 0
0 -0.7 0 1 0 0 0
0 0.75 0 1 0 0 0
2 1 0 1 0 0 0
0.5 0.625 0 1 0 0 0
0.7 0 0 1 0 0 0
-0.5 0.625 0 1 0 0 0
-0.7 0 0 1 0 0 0
0.375 -0.75 0 1 0 0 0
0 -0.7 0 1 0 0 0
0 -0.7 0 1 0 0 0
-0.375 -0.75 0 1 0 0 0
0 -0.7 0 1 0 0 0
0 -0.7 0 1 0 0 0
0 0.75 0 1 0 0 0
2 3 14 1 0 0 0
-2 -3 -5 1 0 0 0
0 0.25 4 1 0 0 0
0 0 0 1 0 0 0
-2 1 0 0.791986 0.029621 -0.594587 -0.135453
0.5 0.625 0 1 0 0 0
0.7 0 0 1 0 0 0
-0.5 0.625 0 1 0 0 0
-0.7 0 0 1 0 0 0
0.375 -0.75 0 1 0 0 0
0 -0.7 0 1 0 0 0
0 -0.7 0 1 0 0 0
-0.375 -0.75 0 1 0 0 0
0 -0.7 0 1 0 0 0
0 -0.7 0 1 0 0 0
0 0.75 0 1 0 0 0
2 1 0 1 0 0 0
0.5 0.625 0 1 0 0 0
0.7 0 0 1 0 0 0
-0.5 0.625 0 1 0 0 0
-0.7 0 0 1 0 0 0
0.375 -0.75 0 1 0 0 0
0 -0.7 0 1 0 0 0
0 -0.7 0 1 0 0 0
-0.375 -0.75 0 1 0 0 0
0 -0.7 0 1 0 0 0
0 -0.7 0 1 0 0 0
0 0.75 0 1 0 0 0
2 3 14 1 0 0 0
-2 -3 -5 1 0 0 0
0 0.25 4 1 0 0 0
0 0 0 1 0 0 0
-1.17908 1 0 0.791986 0.029621 -0.594587 -0.135453
0.5 0.625 0 1 0 0 0
0.7 0 0 1 0 0 0
-0.5 0.625 0 1 0 0 0
-0.7 0 0 1 0 0 0
0.375 -0.75 0 1 0 0 0
0 -0.7 0 1 0 0 0
0 -0.7 0 1 0 0 0
-0.375 -0.75 0 1 0 0 0
0 -0.7 0 1 0 0 0
0 -0.7 0 1 0 0 0
0 0.75 0 1 0 0 0
2 1 0 1 0 0 0
0.5 0.625 0 1 0 0 0
0.7 0 0 1 0 0 0
-0.5 0.625 0 1 0 0 0
-0.7 0 0 1 0 0 0
0.375 -0.75 0 1 0 0 0
0 -0.7 0 1 0 0 0
0 -0.7 0 1 0 0 0
-0.375 -0.75 0 1 0 0 0
0 -0.7 0 1 0 0 0
0 -0.7 0 1 0 0 0
0 0.75 0 1 0 0 0
2 3 14 1 0 0 0
-2 -3 -5 1 0 0 0
0 0.25 4 1 0 0 0
0 0 0 1 0 0 0
-0.466413 1.80288 0 0.791986 0.029621 -0.594587 -0.135453
0.5 0.625 0 1 0 0 0
0.7 0 0 1 0 0 0
-0.5 0.625 0 1 0 0 0
-0.7 0 0 1 0 0 0
0.375 -0.75 0 1 0 0 0
0 -0.7 0 1 0 0 0
0 -0.7 0 1 0 0 0
-0.375 -0.75 0 1 0 0 0
0 -0.7 0 1 0 0 0
0 -0.7 0 1 0 0 0
0 0.75 0 1 0 0 0
2 1 0 1 0 0 0
0.5 0.625 0 1 0 0 0
0.7 0 0 1 0 0 0
-0.5 0.625 0 1 0 0 0
-0.7 0 0 1 0 0 0
0.375 -0.75 0 1 0 0 0
0 -0.7 0 1 0 0 0
0 -0.7 0 1 0 0 0
-0.375 -0.75 0 1 0 0 0
0 -0.7 0 1 0 0 0
0 -0.7 0 1 0 0 0
0 0.75 0 1 0 0 0
2 3 14 1 0 0 0
-2 -3 -5 1 0 0 0
0 0.25 4 1 0 0 0
0 0 0 1 0 0 0
0.38157 1.08119 0 0.791986 0.029621 -0.594587 -0.135453
0.5 0.625 0 1 0 0 0
0.7 0 0 1 0 0 0
-0.5 0.625 0 1 0 0 0
-0.7 0 0 1 0 0 0
0.375 -0.75 0 1 0 0 0
0 -0.7 0 1 0 0 0
0 -0.7 0 1 0 0 0
-0.375 -0.75 0 1 0 0 0
0 -0.7 0 1 0 0 0
0 -0.7 0 1 0 0 0
0 0.75 0 1 0 0 0
2 1 0 1 0 0 0
0.5 0.625 0 1 0 0 0
0.7 0 0 1 0 0 0
-0.5 0.625 0 1 0 0 0
-0.7 0 0 1 0 0 0
0.375 -0.75 0 1 0 0 0
0 -0.7 0 1 0 0 0
0 -0.7 0 1 0 0 0
-0.375 -0.75 0 1 0 0 0
0 -0.7 0 1 0 0 0
0 -0.7 0 1 0 0 0
0 0.75 0 1 0 0 0
2 3 14 1 0 0 0
-2 -3 -5 1 0 0 0
0 0.25 4 1 0 0 0
0 0 0 1 0 0 0
0.995005 0.909789 0 0.791986 0.029621 -0.594587 -0.135453
0.5 0.625 0 1 0 0 0
0.7 0 0 1 0 0 0
-0.5 0.625 0 1 0 0 0
-0.7 0 0 1 0 0 0
0.375 -0.75 0 1 0 0 0
0 -0.7 0 1 0 0 0
0 -0.7 0 1 0 0 0
-0.375 -0.75 0 1 0 0 0
0 -0.7 0 1 0 0 0
0 -0.7 0 1 0 0 0
0 0.75 0 1 0 0 0
2 1 0 1 0 0 0
0.5 0.625 0 1 0 0 0
0.7 0 0 1 0 0 0
-0.5 0.625 0 1 0 0 0
-0.7 0 0 1 0 0 0
0.375 -0.75 0 1 0 0 0
0 -0.7 0 1 0 0 0
0 -0.7 0 1 0 0 0
-0.375 -0.75 0 1 0 0 0
0 -0.7 0 1 0 0 0
0 -0.7 0 1 0 0 0
0 0.75 0 1 0 0 0
2 3 14 1 0 0 0
-2 -3 -5 1 0 0 0
0 0.25 4 1 0 0 0
0 0 0 1 0 0 0
0.995005 0.909789 0 0.0600292 0.0178483 -0.991005 -0.118266
0.5 0.625 0 1 0 0 0
0.7 0 0 1 0 0 0
-0.5 0.625 0 1 0 0 0
-0.7 0 0 1 0 0 0
0.375 -0.75 0 1 0 0 0
0 -0.7 0 1 0 0 0
0 -0.7 0 1 0 0 0
-0.375 -0.75 0 1 0 0 0
0 -0.7 0 1 0 0 0
0 -0.7 0 1 0 0 0
0 0.75 0 1 0 0 0
2 1 0 1 0 0 0
0.5 0.625 0 1 0 0 0
0.7 0 0 1 0 0 0
-0.5 0.625 0 1 0 0 0
-0.7 0 0 1 0 0 0
0.375 -0.75 0 1 0 0 0
0 -0.7 0 1 0 0 0
0 -0.7 0 1 0 0 0
-0.375 -0.75 0 1 0 0 0
0 -0.7 0 1 0 0 0
0 -0.7 0 1 0 0 0
0 0.75 0 1 0 0 0
2 3 14 1 0 0 0
-2 -3 -5 1 0 0 0
0 0.25 4 1 0 0 0
0 0 0 1 0 0 0
0.995005 0.909789 0 0.0600292 0.0178483 -0.991005 -0.118266
0.5 0.625 0 1 0 0 0
0.7 0 0 1 0 0 0
-0.5 0.625 0 1 0 0 0
-0.7 0 0 1 0 0 0
0.375 -0.75 0 1 0 0 0
0 -0.7 0 1 0 0 0
0 -0.7 0 1 0 0 0
-0.375 -0.75 0 1 0 0 0
0 -0.7 0 1 0 0 0
0 -0.7 0 1 0 0 0
0 0.75 0 1 0 0 0
2 1 0 1 0 0 0
0.5 0.625 0 1 0 0 0
0.7 0 0 1 0 0 0
-0.5 0.625 0 1 0 0 0
-0.7 0 0 1 0 0 0
0.375 -0.75 0 1 0 0 0
0 -0.7 0 1 0 0 0
0 -0.7 0 1 0 0 0
-0.375 -0.75 0 1 0 0 0
0 -0.7 0 1 0 0 0
0 -0.7 0 1 0 0 0
0 0.75 0 1 0 0 0
2 3 14 1 0 0 0
-2 -3 -5 1 0 0 0
