4 26
0 0.25 4 1 0 0 0
0 0 0 1 0 0 0
-2 1 0 1 0 0 0
0.5 0.625 0 1 0 0 0
0.7 0 0 1 0 0 0
-0.5 0.625 0 1 0 0 0
-0.7 0 0 1 0 0 0
0.375 -0.75 0 1 0 0 0
0 -0.7 0 1 0 0 0
0 -0.7 0 1 0 0 0
-0.375 -0.75 0 1 0 0 0
0 -0.7 0 1 0 0 0
0 -0.7 0 1 0 0 0
0 0.75 0 1 0 0 0
2 1 0 1 0 0 0
0.5 0.625 0 1 0 0 0
0.7 0 0 1 0 0 0
-0.5 0.625 0 1 0 0 0
-0.7 0 0 1 0 0 0
0.375 -0.75 0 1 0 0 0
0 -0.7 0 1 0 0 0
0 -0.7 0 1 0 0 0
-0.375 -0.75 0 1 0 0 0
0 -0.7 0 1 0 0 0
0 -0.7 0 1 0 0 0
0 0.75 0 1 0 0 0
0 0.25 4 1 0 0 0
0 0 0 1 0 0 0
0.598076 0.440692 0 1 0 0 0
0.5 0.625 0 1 0 0 0
0.7 0 0 1 0 0 0
-0.5 0.625 0 1 0 0 0
-0.7 0 0 1 0 0 0
0.375 -0.75 0 1 0 0 0
0 -0.7 0 1 0 0 0
0 -0.7 0 1 0 0 0
-0.375 -0.75 0 1 0 0 0
0 -0.7 0 1 0 0 0
0 -0.7 0 1 0 0 0
0 0.75 0 1 0 0 0
2 1 0 1 0 0 0
0.5 0.625 0 1 0 0 0
0.7 0 0 1 0 0 0
-0.5 0.625 0 1 0 0 0
-0.7 0 0 1 0 0 0
0.375 -0.75 0 1 0 0 0
0 -0.7 0 1 0 0 0
0 -0.7 0 1 0 0 0
-0.375 -0.75 0 1 0 0 0
0 -0.7 0 1 0 0 0
0 -0.7 0 1 0 0 0
0 0.75 0 1 0 0 0
0 0.25 4 1 0 0 0
0 0 0 1 0 0 0
1.04011 1.26161 0 1 0 0 0
0.5 0.625 0 1 0 0 0
0.7 0 0 1 0 0 0
-0.5 0.625 0 1 0 0 0
-0.7 0 0 1 0 0 0
0.375 -0.75 0 1 0 0 0
0 -0.7 0 1 0 0 0
0 -0.7 0 1 0 0 0
-0.375 -0.75 0 1 0 0 0
0 -0.7 0 1 0 0 0
0 -0.7 0 1 0 0 0
0 0.75 0 1 0 0 0
2 1 0 1 0 0 0
0.5 0.625 0 1 0 0 0
0.7 0 0 1 0 0 0
-0.5 0.625 0 1 0 0 0
-0.7 0 0 1 0 0 0
0.375 -0.75 0 1 0 0 0
0 -0.7 0 1 0 0 0
0 -0.7 0 1 0 0 0
-0.375 -0.75 0 1 0 0 0
0 -0.7 0 1 0 0 0
0 -0.7 0 1 0 0 0
0 0.75 0 1 0 0 0
0 0.25 4 1 0 0 0
0 0 0 1 0 0 0
0.0117048 1.09923 0 1 0 0 0
0.5 0.625 0 1 0 0 0
0.7 0 0 1 0 0 0
-0.5 0.625 0 1 0 0 0
-0.7 0 0 1 0 0 0
0.375 -0.75 0 1 0 0 0
0 -0.7 0 1 0 0 0
0 -0.7 0 1 0 0 0
-0.375 -0.75 0 1 0 0 0
0 -0.7 0 1 0 0 0
0 -0.7 0 1 0 0 0
0 0.75 0 1 0 0 0
2 1 0 1 0 0 0
0.5 0.625 0 1 0 0 0
0.7 0 0 1 0 0 0
-0.5 0.625 0 1 0 0 0
-0.7 0 0 1 0 0 0
0.375 -0.75 0 1 0 0 0
0 -0.7 0 1 0 0 0
0 -0.7 0 1 0 0 0
-0.375 -0.75 0 1 0 0 0
0 -0.7 0 1 0 0 0
0 -0.7 0 1 0 0 0
0 0.75 0 1 0 0 0
